208 171
208 172
208 209
208 214
208 222
208 224
208 225
208 231
208 245
208 255
208 262
208 263
208 264
208 265
208 266
208 267
208 268
208 273
208 274
208 276
208 285
208 289
208 290
208 292
208 298
208 299
208 301
208 304
208 305
208 306
208 310
208 413
208 415
208 416
208 428
208 435
208 437
208 443
208 444
208 446
208 448
208 449
208 457
208 464
208 476
208 486
208 503
208 507
208 512
208 553
208 556
208 561
208 568
208 582
208 596
208 597
208 610
208 618
208 619
208 620
208 621
208 623
208 625
208 627
208 635
208 640
208 641
208 651
208 659
208 660
208 661
208 664
208 665
208 666
208 667
208 668
208 676
208 682
208 683
208 686
208 687
208 689
208 691
208 699
208 704
208 712
208 714
208 717
208 743
208 744
208 746
208 748
208 750
208 752
208 753
208 755
208 762
208 763
208 765
208 769
208 771
208 772
208 773
208 777
208 783
208 784
208 786
208 790
208 791
208 792
208 797
208 798
208 799
208 816
208 818
208 826
208 827
208 835
208 836
208 842
208 843
208 848
208 858
208 874
208 875
208 877
208 882
208 883
208 885
208 892
208 924
208 926
208 929
208 935
208 937
208 946
208 962
208 964
208 983
208 C25
208 S01
208 T01
208 T02
208 T11
208 T13
208 T14
208 T21
208 T22
208 T23
208 T24
208 T31
208 T32
208 T33
208 T34
208 T41
208 T42
208 T51
208 T61
208 T62
208 T71
208 T81
208 T82
208 X10
208 X11
208 X12
208 X13
208 X15
208 X16
208 X20
208 X21
208 X23
208 X25
208 X26
208 Z01
208 Z02
208 Z04
208 Z05
208 Z07
208 Z08
208 Z10
208 Z11
208 Z13
208 Z14
208 Z16
208 Z17
208 Z19
208 Z20
208 Z22
208 Z23
208 Z25
208 Z26
208 Z28
208 Z29
307 643
307 849
307 896
307 D11
307 H88
307 J49
307 W11
307 Z01
307 Z22 
308 445
308 E45
406 574
406 659
406 F74
406 G59
435 289
701 481
701 744
701 E81
701 H44
970 253
970 885
970 D11
970 H88
970 W11
970 Z04
970 Z13
